1.466346200145205501e+02 4.844733036202819676e+01 1.315343632774117566e+02
1.557405166111836081e+01 8.297657883403907135e+02 3.084869908984011317e+02
1.575227208426116476e+02 5.760898190409313884e+02 4.878600871743413450e+02
4.164327679472820023e+02 3.950681576601376719e+02 9.625063673404914653e+02
1.934660689547695824e+02 1.261627896571736471e+02 5.032339632335886108e+02
7.808580985680895310e+02 4.740842044101778470e+02 5.033241923164487730e+02
1.286050151863048541e+02 3.507835452379548542e+02 8.386066931818781995e+02
1.257495807546904416e+02 3.603590961884560784e+02 1.895647136496814085e+02
1.070083891653615922e+02 2.687483462195256152e+02 5.170898252779504674e+02
5.002165087381589501e+02 8.310532589116224926e+02 7.980831326719372498e+01
7.658132377390304555e+02 2.397868038845811895e+02 6.105956790234401979e+02
7.302440381587892944e+02 9.395235181993768947e+02 8.193868009984596483e+02
3.448552549768822928e+02 3.989711155805807152e+02 3.120694209711941767e+02
6.922016465149473561e+02 3.941815259796995861e+02 8.036492827586979502e+02
2.704702248003928275e+02 7.349897205900034578e+02 3.328353842538321032e+02
3.783287489893132260e+02 6.039164833212073518e+02 4.750347854644829795e+02
1.919881089479692378e+02 8.186294779999458342e+02 3.057486647061709277e+02
6.414951145688341967e+02 6.108039164558725815e+02 7.422219294781809822e+02
6.389530000711631601e+02 3.149254889127784054e+02 5.497246682536768958e+02
9.538137389475521104e+02 3.846594969217465021e+00 2.834591434008772808e+02
4.721868629261400088e+02 1.242293101096575469e+02 6.865157012653494348e+02
1.843386231316920316e+02 5.617732505529518221e+02 1.860582229507288332e+02
8.895479293380950594e+02 6.039883086897450539e+02 5.865203757402625797e+02
1.581085870843991188e+02 4.949717467471178338e+02 7.463577083158472760e+02
3.584189601827952742e+02 1.641395356671049299e+01 4.864468341096820154e+02
5.694318550732996300e+02 3.658241863389105788e+02 9.625440506879778013e+02
7.317988494846804315e+02 3.808506658665982059e+02 1.639822536570151215e+02
6.628286103861148604e+02 6.034595796784325330e+02 2.705625387781761333e+02
5.346351569511327853e+02 6.991267074380324402e+02 4.920997842455783484e+02
5.413574501850062006e+02 1.631296263557933059e+02 8.049954199728239246e+02
1.963369787959343569e+02 9.574749817640774836e+02 4.390412171063825326e+02
9.261294173905758953e+02 6.173131897879927692e+02 7.981644149320529777e+02
7.940751974845271661e+02 8.750670627482732016e+02 8.883204051608962573e+02
9.076790957017909989e+01 4.899792484261046184e+02 5.166795895203148348e+02
5.890555111112807936e+02 7.612996879609196412e+02 2.053286193279189149e+02
4.759983278813650998e+01 3.395263383493722813e+02 2.502970793835696099e+02
4.814758278478901161e+02 7.198842595409018941e+02 4.211898071898716580e+02
4.119080007391775666e+02 3.516841399801192551e+02 3.792400636423427613e+02
4.446625344940369473e+02 9.459525632266094135e+02 8.216542872831638533e+02
6.957408085853489865e+02 6.190617831059515765e+02 6.274965719745250681e+02
5.821661599425818849e+02 1.793565661492563379e+02 8.335606381812434620e+02
4.556964793977974750e+02 1.738347259122539015e+02 2.529911318479702800e+02
9.754956906169726381e+02 5.170731167109928492e+02 6.686071743490361996e+01
1.981665805815467820e+02 5.853471981595412217e+02 1.555632562797210028e+02
7.518163112361047524e+02 1.587911923580554969e+02 1.713886341856196793e+02
9.670569528287049934e+02 2.622522807510296872e+00 5.435208544156515700e+02
6.618292995322785828e+02 4.495048550782206007e+02 7.995486882120025030e+02
1.487378186900023422e+02 3.952465008766524761e+02 2.193816218623272221e+02
4.176331851621095836e+01 2.554529378754999414e+00 8.727257619653638585e+02
8.013724716585375063e+02 4.094971483046414278e+02 3.142487890669764994e+01
5.877205866873395053e+02 4.123376144828289966e+02 1.936061317190041962e+02
1.134436173997185335e+02 6.413697058467377019e+02 7.346381595438919021e+02
6.746841572719775115e+01 4.369852317664178827e+02 2.494094343884534126e+01
2.671170883411959380e+02 3.888193624666739083e+02 6.287987359942844705e+02
6.670687337104112657e+02 3.269110056833973772e+02 8.751171253480231371e+02
6.391795070731842543e+02 5.054725112339706357e+02 9.769260829461168214e+02
3.613429960316228744e+02 6.556365618425660386e+02 2.425739373914342991e+02
1.537756896492608121e+02 4.562163391206358369e+02 6.359779356713684138e+02
7.665653496834260068e+02 5.443210993932053725e+02 4.644881199924344628e+02
2.772638476089980486e+02 1.665161830431682972e+02 5.732227754119202245e+02
2.597377761781681897e+02 6.149714653572893894e+02 5.214767142341486306e+02
1.705250654067652647e+02 7.762415324175328806e+02 9.928307004017177917e+01
1.927032841420484033e+02 9.070403033336818908e+02 9.843193420536388771e+01
9.932404355926188373e+02 5.010912182617813642e+02 4.974810167133263121e+02
5.987278848164101674e+01 2.015313084470361389e+02 2.375184621182282569e+02
7.795601451820222394e+01 7.233806907265728796e+02 8.726200075513295360e+02
5.440502513050757898e+02 9.417181165991772787e+02 1.281059434802300778e+01
5.796357677858669604e+02 9.288562215018383768e+02 2.021015419589671183e+02
4.839344409095680533e+01 5.474866273747206833e+02 7.491872902592391483e+02
1.952043044568886216e+02 4.316293760537062099e+02 1.848110044374332688e+02
6.830798899750794817e+02 9.600270244821483629e+02 3.208468586920361076e+02
8.183342901558426092e+02 9.244569789820677670e+02 9.839718244926252737e+02
4.219553091726779570e+01 7.903118399592582364e+02 3.344399767009744551e+02
8.450759060338269819e+02 1.341496123772184603e+02 5.931398188465664134e-01
4.947319860812760339e+01 3.788182059038190914e+02 7.177308865630172008e+00
9.347830091897993725e+02 2.538823157888025861e+01 3.974539020400703748e+02
8.459984030790532188e+02 9.239598371765794127e+02 1.599900524204648207e+02
3.590444511389505351e+02 6.487595781283653196e+02 1.478072821851609149e+02
4.380066530517493675e+02 9.973605356424375259e+02 6.421191400121631432e+02
6.467188283569225860e+01 1.170576628236245114e+02 6.718177326402047811e+02
5.724555104406298369e+02 2.950895821077985488e+02 4.798957695559810190e+02
5.130282127970527881e+02 5.961219598086915994e+02 7.110707130371298490e+02
6.133024606424020249e+02 2.374480379051800014e+02 7.051271531464720965e+02
9.924740748599049311e+02 8.512665270927071788e+02 8.891244108801109860e+02
6.384610502904566829e+02 5.183163461377533849e+02 6.235912091980355854e+02
5.626771809520826082e+02 6.452227007301609092e+02 4.172428927846228817e+02
9.428634387184423531e+02 6.420842607884485460e+02 4.215964964685643395e+02
9.952631847995958196e+02 8.758595232429090061e+01 8.686132065291474191e+01
4.550357056067124972e+02 2.340587369451955340e+02 8.649592483562327061e+02
1.051943503619295939e+02 6.675229415672273490e+02 4.981266318315024932e+02
7.740872825543635827e+02 6.461749868453975978e+02 1.069777970234008251e+02
7.282308367260762907e+02 5.201307227637711321e+02 7.580465077328107100e+02
4.367422593993174473e+02 5.683567448550144263e+02 8.708250945179195242e+02
6.010745467538941966e+02 4.998011777188208384e+02 5.799690432251353513e+02
1.761456057684501673e+02 9.928006798876991752e+02 9.398193986300805136e+02
3.275711529261856754e+02 6.664835208662121886e+02 5.377631926753374501e+02
8.342045803427351984e+02 5.332569006123331974e+02 3.608313803438360878e+02
1.204330537311845148e+02 9.712497263645591374e+02 4.936669733334642274e+01
9.584755790476117454e+02 4.015940688013891418e+02 6.786644724034422325e+02
1.437317850049633137e+02 1.440518870676356187e+02 7.608621182530342821e+02
4.688488731261983844e+02 9.409590345248868744e+02 6.760132196376765705e+02
8.853689674980172413e+02 1.545325682888990571e+02 5.200343644634302791e+02
8.045003230634833926e+02 6.695080833039889967e+01 6.867577524839859962e+02
1.005441586957777105e+02 7.057970790487793238e+02 1.283213406878444971e+02
8.569653381683756379e+02 8.150292422031278647e+02 5.189321304516118971e+02
7.108338213778024510e+02 9.224996467705991563e+02 5.157657901256950481e+02
7.391151792204335607e+02 7.211427993075960785e+02 7.094870678591154274e+02
2.169282676332186099e+02 1.298229598142388568e+02 9.407724299071480800e+02
3.590899802273391970e+02 4.865387711330558886e+02 1.408741855498447535e+02
3.587821249363709342e+01 9.139807250495229027e+02 3.880147440990617724e+02
3.790091483564306145e+02 7.072853917464270808e+02 2.925151833297722419e+02
2.125496980991190412e+02 3.640719786538289213e+02 5.718070011780822597e+02
9.015788611978092604e+02 7.034666886225298867e+02 8.689356137480327789e+02
6.108490385670776277e+02 2.327931064882348267e+02 9.607546235868965141e+02
2.253204330644583706e+02 1.331450159925890944e+02 4.277229561632493073e+02
4.357252861517608835e+02 7.148167629631674345e+02 6.531173285132387036e+02
7.439331018242855862e+02 5.943116897918057475e+02 7.330820628822795015e+02
5.609692573609987676e+02 5.037116651056971932e+02 5.485717017265496906e+02
3.056011257730223178e+02 1.276562386307445962e+02 6.206596099205476094e+02
4.646123949766898136e+02 1.781247294386514284e+02 3.547424542890882435e+02
2.452330043322341737e+02 6.248611445227214745e+02 6.381637453045835855e+02
3.188945704965389041e+02 7.313435253122876247e+02 8.810634404952880914e+02
8.655957448027574230e+01 3.957104027372325845e+02 9.915966770142744053e+02
2.150042622017977010e+02 4.693547651014904432e+02 9.983316880708534882e+02
5.395332715022553884e+02 8.832277959390203250e+02 5.395366765142611030e+02
4.098223205868508785e+02 8.331002824740905908e+02 5.428554902968120359e+02
1.512274966782918284e+02 9.966489915626442553e+02 2.025916150916460197e+02
5.934195554864384121e+02 1.209693510015986675e+02 1.562579831135145696e+02
1.991701240133579915e+02 5.991581634132479621e+02 2.125323353634346404e+02
6.581974287369551746e+01 9.517968607573180861e+02 9.576411230472581337e+01
8.259101631969077744e+02 6.960559089656428569e+02 3.762452537502517771e+02
8.125757044189739418e+02 8.483717606485181477e+02 8.398902124435348924e+02
2.975160426907108331e+02 5.983911757426408258e+02 2.817725869985494569e+02
5.518389553832377032e+02 7.933893660689825538e+02 2.219805401962656788e+02
3.499816672916435891e+02 7.568737890145093843e+02 7.713274187906110910e+02
1.223124885784270219e+02 3.495683890162898138e+02 8.951007328546007784e+02
1.464519604214268327e+02 5.841200040263424853e+02 8.005613195986642268e+02
1.150331641609758648e+01 1.461199067831248044e+02 7.213648745935898887e+02
9.829624104843992427e+02 1.344437069402239047e+02 6.301162696099984259e+02
6.244016964316747362e+02 3.600584903147782256e+02 5.125561290837015349e+02
6.735811237444085009e+02 7.777951390335169890e+01 9.189908633232324320e+00
1.273351352519783717e+02 9.870899371743103075e+02 6.939278092559187598e+02
8.156132651343776843e+02 9.813569386292269883e+02 6.243468413783073174e+02
7.644537019171382326e+02 7.918264915811795390e+02 6.428778418341050838e+02
3.620598464556008480e+02 2.982893625070644816e+02 3.194405797441283426e+02
6.791521243955494356e+02 1.791308790213144277e+02 5.856131642433240359e+02
2.270404395830756243e+02 9.399574762021816241e+02 4.495569314747890530e+02
9.575450136490799196e+02 5.351734715793596706e+02 5.626765766094104038e+02
4.972188575670567730e+02 7.137975404620729023e+02 5.626540078315107394e+02
7.304213561342037337e+02 7.962426183928586170e+02 2.604600596773267966e+02
4.545553161037960876e+02 7.567358893339599035e+02 4.256992857061281654e+01
6.433001797665923505e+02 2.254318247807271973e+02 3.675102679070633371e+02
2.880517577250096650e+01 1.926929945811315292e+02 5.412281731079261817e+02
6.613840146152817852e+02 5.271375180819548234e+01 1.415334770299569911e+01
4.033881685665940608e+01 9.147271599733531957e+02 4.444917578727308864e+02
6.175658753666114080e+02 9.668280766390672625e+02 7.383769926590508703e+02
3.246403846881233903e+02 1.575223992822354262e+02 5.229905019289079746e+02
6.771767904597643337e+02 3.531653859932659429e+02 8.496791635708182184e+02
9.829520925627821271e+02 8.131381240450286896e+02 5.124399544942453986e+02
4.037234286683272444e+02 1.213218688116330952e+02 4.731334236352666949e+02
5.358669403909899529e+02 5.592528539121954054e+02 7.934035238027414607e+02
9.645808206026466678e+02 1.387904462833866717e+02 7.710261268628796643e+02
9.793359877812090417e+02 3.809270760399673463e+02 2.185471835134317189e+02
3.673193007173489946e+02 1.753876797445237514e+02 1.797173681848009892e+02
4.691598512792999145e+02 1.067732298433110572e+01 2.598612613520736545e+02
7.610493774867419461e+02 9.123318702176710531e+02 6.621904884726218370e+02
5.484305626819108284e+02 1.951651823884177475e+02 5.003284613298993690e+02
9.577902935656645695e+02 7.198933414961683752e+01 1.013920511517580962e+02
5.739053163388230416e+01 6.668786174872144557e+02 4.530539766508763364e+02
6.947278873755403765e+02 3.826657974066774841e+02 2.594710680031910783e+02
9.113825098101868889e+02 1.682997756297330909e+02 2.898136362830848611e+02
6.858244545896421869e+02 3.157563766761156785e+02 5.335291159010113233e+02
6.433058344659262957e+02 8.495539916019076827e+02 7.456838907009605464e+02
2.978703122716041207e+02 5.500499249208331776e+02 5.274323024933211173e+02
2.020026264459149274e+02 2.687738617257108444e+02 5.324165295263901498e+02
2.944592980833072033e+02 2.986887356440711869e+02 6.999601284637074059e+02
2.829097277364055572e+02 9.772606491242740958e+02 1.276054692822416996e+02
8.455654840451250038e+02 6.455589617779844502e+01 6.014442409726485721e+02
9.806395142998827623e+02 1.992437291526193519e+02 9.911674380022639070e+02
3.914314735631015765e+02 1.802206157289581938e+02 8.818670056540712494e+02
8.932264124421910765e+02 5.597381605065214671e+02 7.564774956461142210e+02
6.342339399113136551e+02 7.037170896798336344e+02 4.178440452930397555e+02
3.468243465709858242e+02 5.402665498471882302e+02 5.598109610879245110e+02
9.696989857645850179e+02 1.647561142643803009e+02 4.904399799886216726e+01
8.742404195957033153e+02 8.679829569656260446e+01 9.396909849837213642e+02
2.826770789976837932e+02 2.367784932260662458e+02 4.579444605691321613e+02
8.121825125282977353e+01 1.112595222220480551e+01 5.069394675697002981e+02
3.602232447677757818e+02 5.316992971183361760e+02 8.345814798948900943e+02
1.833468686448335063e+02 2.524469304096787994e+02 2.805283458206482123e+02
4.184759441636497286e+02 5.096411216460652440e+02 2.719656154475688368e+02
5.018413279206001221e+02 4.558875344053478216e+02 1.639695106047587387e+02
5.174321512621871122e+00 1.148059002839424352e+02 9.428751693990615195e+02
2.231036530442619323e+02 1.112345515794375075e+02 6.809896312719067737e+02
9.508071220297154014e+02 4.088910083847486021e+01 9.222812058693638164e+02
8.858977756206815002e+02 6.783539759551944144e+02 5.065322512926791774e+02
9.247697199373728836e+02 7.091687354724892884e+02 8.606487457933265262e+01
5.729531058420359386e+02 9.853344525199680675e+02 4.843890881170820251e+01
3.213854796890169752e+01 5.959080299062401309e+02 4.120826953041989782e+01
8.666582586114503783e+02 6.558160251822719147e+02 6.977195952272876411e+02
2.104586038020678131e+02 2.730447463876550884e+01 2.033062911453587063e+01
